1 5
10000 3 2
2 5000
3 5000
3000 4 1
4 400
3000 2 1
4 500
1000 3 1
5 100
100 2 0

1 5
10000 3 2
2 5000
3 5000
3000 2 1
4 500
3000 4 1
4 400
1000 3 1
5 100
100 2 0


1 5
10000 3 1
2 1000
1000 2 2
3 400
4 500
1000 1 1
5 50
1000 2 1
5 100
50 2 0

1 9
100 1 8
2 80
3 80
4 80
5 80
6 80
7 80
8 80
9 80
100 1 8
1 80
3 80
4 80
5 80
6 80
7 80
8 80
9 80
100 1 8
1 80
2 80
4 80
5 80
6 80
7 80
8 80
9 80
100 1 8
1 80
2 80
3 80
5 80
6 80
7 80
8 80
9 80
100 1 8
1 80
2 80
3 80
4 80
6 80
7 80
8 80
9 80
100 1 8
1 80
2 80
3 80
4 80
5 80
7 80
8 80
9 80
100 1 8
1 80
2 80
3 80
4 80
5 80
6 80
8 80
9 80
100 1 8
1 80
2 80
3 80
4 80
5 80
6 80
7 80
9 80
100 1 8
1 80
2 80
3 80
4 80
5 80
6 80
7 80
8 80


4 5
800 3 2
2 1
3 2
20 1 1
4 1
30 5 1
4 2
100 4 1
5 0
5 7 0